8.380059125154195598e+00
9.707053415831255805e+00
8.307537838400206098e+00
4.504497630930419660e+00
8.115500810272607168e+00
7.074940610231657878e+00
6.448112776169941718e+00
3.469160139517285746e+00
7.343003346382239727e+00
4.855765918481099952e+00
9.345968451921036646e+00
4.259548215784445979e+00
8.307160818582261186e+00
2.688029188653233259e+00
2.821796067932598184e+00
6.537838729519354075e+00
9.271155438191774678e+00
5.950546357951044030e+00
9.968472583903460915e+00
6.239251197900297363e+00
4.004816538506410950e+00
9.592880281418896260e+00
8.488207483467133940e+00
8.534171767232848538e+00
7.097136907062159494e+00
2.927991064445809588e+00
3.171409409557722547e+00
7.974276017999842203e+00
1.007285554790148474e+01
8.170657534417241408e+00
4.597902300617738192e+00
7.035546205601380443e+00
5.873727077161380095e+00
8.405534437254194913e+00
7.674779109839815483e+00
8.926741173452883871e+00
5.157467426472351235e+00
5.153469462444300042e+00
9.132981365316794609e+00
6.408123018008578420e+00
9.644382823716746600e+00
7.205808443612938596e+00
9.350523159243891769e+00
7.108657317927576713e+00
4.198749086755390714e+00
6.185631541839525127e+00
3.120583193920726917e+00
5.788467401437454640e+00
7.771034445252524847e+00
4.157325184783425165e+00
3.487874106677495867e+00
6.112036728598271296e+00
9.981707266995805128e+00
7.965302374203361957e+00
8.554410188321119435e+00
2.898648270847894004e+00
3.411319550462983408e+00
5.697299857821646718e+00
9.957382951012824890e+00
7.228785774251564433e+00
7.121461226788981413e+00
1.022378160527494728e+01
9.499710058558031633e+00
8.869795247500418256e+00
3.998146725117122546e+00
8.996887526664407275e+00
7.365378102806505289e+00
9.664850388457422170e+00
6.685958353795656173e+00
7.126791448205219481e+00
6.393587550438617484e+00
7.488437591658574810e+00
6.983202589654079695e+00
4.430523036370904499e+00
9.026336165194216221e+00
3.308779226986376720e+00
9.979665643240853257e+00
7.293352645620247543e+00
3.394650204534137572e+00
5.643522274782787562e+00
4.292326220577981744e+00
8.944483102670428565e+00
3.280213857415612111e+00
3.459863307501842122e+00
4.635198882622038496e+00
3.908989725038059859e+00
2.987504932535300473e+00
7.989302762258928325e+00
7.229797666358416031e+00
7.593034556239475208e+00
9.056551832509610378e+00
3.246025204245584384e+00
3.948476068642270853e+00
2.856725673000257704e+00
6.442551677496807905e+00
3.144620147004187238e+00
8.586113860822154109e+00
3.475722698376761954e+00
7.852071701970671391e+00
3.947033015590428739e+00
7.921159221803318218e+00
6.262206210497567760e+00
8.811898390690341643e+00
4.799625904045374369e+00
7.113526922079255854e+00
6.769159519756106747e+00
2.941186238432625277e+00
9.214678130612933060e+00
8.951764199475142902e+00
6.016921936418050620e+00
7.230001947872923829e+00
9.341924320043586860e+00
9.504983702675650292e+00
3.449767659144338250e+00
8.973688837347172154e+00
2.809341241246989807e+00
5.683104501291492916e+00
5.158634536461374154e+00
3.498045403755799754e+00
7.653220443825262898e+00
5.908267191260598850e+00
9.516204536606359454e+00
9.722533812722943480e+00
4.424139268587797602e+00
5.927141766585114269e+00
4.661080081868321123e+00
4.088196959523591190e+00
7.199796031721470868e+00
8.424086680642147940e+00
5.346146732363462384e+00
8.414276187446622757e+00
6.908773552038011800e+00
8.981387190698713496e+00
6.178298355833809374e+00
6.948633744847387383e+00
8.493502241932544550e+00
9.470268335420881201e+00
3.626967947028439276e+00
4.708773982138811931e+00
6.602449981402228829e+00
6.869767145250163409e+00
1.004696799292182163e+01
4.886808043764320431e+00
5.553612524607044243e+00
6.462464712406250200e+00
9.094438304535600537e+00
8.842153019799823710e+00
3.337283193305942586e+00
9.042983853924985382e+00
6.109621929075307101e+00
6.212437446930111129e+00
5.888586612478694526e+00
5.513679820694027178e+00
5.516014490511927271e+00
8.118595618710475748e+00
5.278408797142062348e+00
4.600280146055193420e+00
5.514165567577255622e+00
9.334662519206181841e+00
7.849560827828652165e+00
9.062163251622505911e+00
8.043794144121438450e+00
6.681156085279081225e+00
3.724724647580237136e+00
1.002165090007419401e+01
6.393391678106331355e+00
7.414599845200937622e+00
9.435050449211129120e+00
3.400246223772300347e+00
3.243916384649073059e+00
4.507171081446699645e+00
3.560103198744277275e+00
7.683146117927225127e+00
7.252764449216095421e+00
4.223110185244733472e+00
3.705284091747312658e+00
6.730848910713018718e+00
6.336158794006511386e+00
6.851067552203063293e+00
4.931339934923403945e+00
3.093861796483399207e+00
1.035476113512620167e+01
3.969252559184043072e+00
5.443750866078108430e+00
9.469893981930825433e+00
9.818381638772578412e+00
3.521543522940670634e+00
7.912634811502586629e+00
8.344130103358152084e+00
7.032907258745530577e+00
5.737626742156529680e+00
4.205356504488085179e+00
4.900176853333767291e+00
5.566886612275197876e+00
8.002823145149356776e+00
2.986191497866118816e+00
7.192995702859124485e+00
1.025791192990951473e+01
8.582309246171895722e+00
7.651028099847190234e+00
8.799452761196251416e+00
2.910735855756471313e+00
6.012491128409557462e+00
7.780558843178090100e+00
5.028985351639519763e+00
7.750905151654352565e+00
3.993923150614307804e+00
2.908879461242061204e+00
4.571289990234524758e+00
4.419837224085670258e+00
8.680770833986485968e+00
7.859096287854605123e+00
9.566537487795494954e+00
5.293589863805030937e+00
3.657831561187377734e+00
7.548714454400637486e+00
6.550050431746839763e+00
8.533261081413971993e+00
1.019915610247287319e+01
2.621740023954663101e+00
9.906624605627030178e+00
3.332364082766470670e+00
2.620687269845917378e+00
7.635311961707262007e+00
4.679342501689062850e+00
9.479733875395737641e+00
8.274516878614560866e+00
5.010039493594796944e+00
5.547326241205428943e+00
3.238842180822838923e+00
5.659175356589453365e+00
3.228244214255362454e+00
4.297169115328228983e+00
4.087157457896812396e+00
2.694424288472313300e+00
9.328643297463473871e+00
6.743073182797827414e+00
5.807839043860966832e+00
5.946383759317624751e+00
8.637485340079729568e+00
3.498984319069614379e+00
5.700060639659617401e+00
2.842317167757700158e+00
1.005205212939403658e+01
7.192521671082888979e+00
2.900659278031634258e+00
9.718136993932041889e+00
5.263143633958443424e+00
7.982527413143279738e+00
4.331457684252930207e+00
9.211286364597244258e+00
6.548086988650723583e+00
8.846915019091991184e+00
6.953916198825991657e+00
6.799199066377378919e+00
8.851889022917589500e+00
9.649736317949377806e+00
6.185287698268756351e+00
8.025509747093007462e+00
8.574926832160400636e+00
3.071995068062433720e+00
3.429063814576886138e+00
8.455017750990748482e+00
7.306855208529182910e+00
6.000939889732385346e+00
9.272182455220301378e+00
9.121058784436385736e+00
4.261225494849091966e+00
5.451587438813934483e+00
9.332441449547451029e+00
5.545295245483467639e+00
4.112483242956657570e+00
2.897815166620682170e+00
7.640835677290524153e+00
8.786909473047650465e+00
6.309282841162922040e+00
7.567199902203791240e+00
4.728247178641950654e+00
3.773825639568774371e+00
1.018407703086542782e+01
2.983521790776830773e+00
7.938562491952719569e+00
6.119366462643765381e+00
6.956992404817932574e+00
8.541751893065741896e+00
3.240245234651472739e+00
7.668297641807497733e+00
1.017893466868170549e+01
8.332164706400625676e+00
5.109555206330878896e+00
3.531895995590680570e+00
8.795366495875809321e+00
2.943558726517633506e+00
4.462670098292455201e+00
3.561159367042848078e+00
2.736112706111594850e+00
8.914355004528852433e+00
3.848817844013751710e+00
4.057291513532574001e+00
8.978397171065553906e+00
6.321524860261663825e+00
8.835311434254871088e+00
4.387992039525490107e+00
9.604281062879037378e+00
7.908494350154931851e+00
8.731052287439588611e+00
5.824660765902554438e+00
7.161833914543697333e+00
3.636828411757486279e+00
4.106392509941120039e+00
8.010856379697651519e+00
5.482650996856608394e+00
3.507018727661557200e+00
9.072472341881759661e+00
6.974556264643617887e+00
4.232550087128155170e+00
9.437653993922234363e+00
6.695041153423389346e+00
3.195228062870358876e+00
9.388682683283057884e+00
8.151847528617096827e+00
6.770436163537193686e+00
1.025133700626670219e+01
4.023198880451857917e+00
4.648207546323773087e+00
7.409171692451249847e+00
8.162727526044033510e+00
1.007025593668930874e+01
3.286463580647561056e+00
9.041043763892215424e+00
8.597577396174331810e+00
5.102590682971615443e+00
6.567990337007410417e+00
6.221415448283748262e+00
4.464920822255775690e+00
9.231089762725595449e+00
4.956535247436940850e+00
4.337549644987514164e+00
9.418320559850508644e+00
1.017101757881834523e+01
8.687306461565876603e+00
2.758897717255449855e+00
4.276158787112653847e+00
6.043471210665691373e+00
4.530811257789109092e+00
7.654037883606800818e+00
3.240573706433668821e+00
8.370669779849885472e+00
5.256194585113483697e+00
9.283374733136453116e+00
6.632057839906138952e+00
6.494931347068852112e+00
5.657433546613359177e+00
3.066349661339797361e+00
4.452969344372258220e+00
5.168678867690887913e+00
4.663252435511877181e+00
8.602069639185687677e+00
5.684937845919778354e+00
3.198363793919212661e+00
6.398868090573407663e+00
3.797962934880395824e+00
8.769406897051400307e+00
6.277833825892566111e+00
7.495148396785250355e+00
4.528252078385639479e+00
7.209011066720469429e+00
6.377956950312638540e+00
3.771609831161212956e+00
2.916693082636646395e+00
9.360634515662445310e+00
7.829818438294632088e+00
3.112249687597059555e+00
6.759617516313853436e+00
8.538896916842332985e+00
7.455071410985322444e+00
4.172191215263614694e+00
1.011810562827727367e+01
5.293068977231049743e+00
5.060486533634393602e+00
6.856218179016408065e+00
8.724935346277383985e+00
6.875879712749397576e+00
5.079106201831986134e+00
8.995297959458660841e+00
5.006060761192147268e+00
5.775380071346402744e+00
7.406309231686409866e+00
4.215462188413066968e+00
3.698644374264212775e+00
5.772759816060005988e+00
1.002820458956722760e+01
4.278655175305539515e+00
7.107581548816336969e+00
6.759539339044065898e+00
9.013826577226792480e+00
8.974042440615839666e+00
6.982186933095141157e+00
9.024909678321510142e+00
9.271891192526490855e+00
9.767217757413153123e+00
6.396181522178752132e+00
5.830037826369419918e+00
7.390987196140133442e+00
9.643943144315191063e+00
9.034688895075754900e+00
2.742026666407827662e+00
7.636002988619980947e+00
6.236882226491835546e+00
5.247045904308328623e+00
8.266241892289865945e+00
4.264225961184768821e+00
4.721413862842836373e+00
9.198049942393129896e+00
9.242830536449860190e+00
3.859042094629132169e+00
2.975759594681433029e+00
8.185318619554941222e+00
5.366128565822454455e+00
3.121677145171463330e+00
9.142132574856274729e+00
3.394262569722832801e+00
4.959925282273962566e+00
3.205690129863449478e+00
9.690737020870011875e+00
4.583232396952697130e+00
9.069973515310547185e+00
9.977603789698928693e+00
3.714587996708623052e+00
5.433122824781581706e+00
7.330951924045281842e+00
9.815242020405538170e+00
3.246190623459114022e+00
3.223637150014813990e+00
9.232962510818648383e+00
7.890786342026532729e+00
9.248777446529469870e+00
1.002829895803737337e+01
8.817044468925699263e+00
5.936675943652687693e+00
7.131737184590117629e+00
5.018800431243858995e+00
4.867494662083758250e+00
8.851327749543367318e+00
9.605071392324880719e+00
5.816813754027485572e+00
4.433938706099810112e+00
4.233711624348241997e+00
9.274179232057024436e+00
4.900641604430690634e+00
5.187063462876481346e+00
8.212571890573673983e+00
7.049209671100178376e+00
4.577431128574420249e+00
4.334589679201099166e+00
3.880738474740400790e+00
9.406419889991473937e+00
5.392140925327798762e+00
4.299236007593611575e+00
7.197162194851015826e+00
5.507214981546771249e+00
9.297156282411060957e+00
7.967750760968876911e+00
6.423537584118757415e+00
7.730080625867594257e+00
8.252223707100235117e+00
9.629422516186059156e+00
6.040711766216790402e+00
5.859088529690973601e+00
9.175432276696376732e+00
7.165654930653738042e+00
2.939293869798617731e+00
6.814485647844368721e+00
7.499713937008890774e+00
3.734190660528567296e+00
4.890712174932800416e+00
9.261519443044431199e+00
7.765834465787488483e+00
4.036837804262895624e+00
7.970045737195916580e+00
1.025692780238802548e+01
9.416719831534884122e+00
3.666899882865487292e+00
6.395314687548692589e+00
3.576795220961227262e+00
8.002634527267241893e+00
5.938154202276065163e+00
7.143334333822101812e+00
5.397942020352992643e+00
1.008588811213294534e+01
8.147841963853691638e+00
6.778303138178193521e+00
6.635495782151808797e+00
7.429242266370760461e+00
2.873635947656993039e+00
4.963674205194817723e+00
7.301342501130351437e+00
9.865826832072484009e+00
9.329768580846714343e+00
5.411286478722594495e+00
9.537224117522232092e+00
4.973880469719574648e+00
6.023030424919287640e+00
9.340823029624852225e+00
6.182413136298696266e+00
8.334523560590632485e+00
7.527648614539917737e+00
9.012031757168699642e+00
3.830856990708771281e+00
7.629620872726588843e+00
9.063183310608362575e+00
6.887295736009206415e+00
6.674036482268590476e+00
5.990033057863278110e+00
7.065498074301303610e+00
4.263276749629165252e+00
5.483568922955168290e+00
4.002998684625544534e+00
7.117752764497784490e+00
9.315127936061447400e+00
3.391446265887700040e+00
9.397551020846023562e+00
4.000270919310855433e+00
9.802285531169024679e+00
2.956193611374133834e+00
1.015612726444368263e+01
6.890845608910495912e+00
7.656636646331255847e+00
6.164549524327608054e+00
9.109620249868502384e+00
3.923219546494096654e+00
4.676839579798841129e+00
4.720761618645173741e+00
9.995241604496273524e+00
8.614789012326079742e+00
4.128799589057019936e+00
6.534346171182967566e+00
4.475372982352949336e+00
3.798950230390007565e+00
5.807508333745960982e+00
3.582837106024495455e+00
5.144732817301532535e+00
4.430472772521250491e+00
4.653944228365081592e+00
8.018758124949536992e+00
7.297768499421921184e+00
7.669281274994025566e+00
9.732440510388403965e+00
5.161077196240627885e+00
8.258031313814971242e+00
9.270273077049926869e+00
5.317553316704940691e+00
8.184957516339380845e+00
5.879630647927236886e+00
2.583894428736086990e+00
5.523068983669193521e+00
8.574235959398762930e+00
5.175752697381551748e+00
9.440331636548936700e+00
4.004021850220304657e+00
3.484006419622281303e+00
9.499296208130393993e+00
5.516306032026071726e+00
7.920447266525280305e+00
6.854989619500115872e+00
4.028368760252928560e+00
8.055135597027032190e+00
4.765778400954192584e+00
7.824389207667540980e+00
8.860121684904605388e+00
2.956997949683611182e+00
8.411082573941756735e+00
4.019722223442371956e+00
8.291975114417354575e+00
5.296254678591978404e+00
8.277505759130155738e+00
4.693210529063613912e+00
3.488947976745587987e+00
8.049019046359482843e+00
7.402388423880568169e+00
8.551523060667641118e+00
9.840388619030299822e+00
5.657438643290565672e+00
7.236194981267439985e+00
8.892799120729703688e+00
8.268204760400385211e+00
9.363831531479091197e+00
6.292201116157945862e+00
7.163966276909399689e+00
6.523239759053333309e+00
9.903647385757334831e+00
5.020719337371873259e+00
8.443330075058037565e+00
6.242785292102482231e+00
9.878453927343336716e+00
7.044218697552448560e+00
2.766586328822788321e+00
5.438100687104177489e+00
5.911663974197465699e+00
4.127457446864941204e+00
5.130668650021614319e+00
6.862997823476157500e+00
3.642172875658355125e+00
7.601123659621888073e+00
5.440201376861675264e+00
9.735760353612379348e+00
3.454824195203436421e+00
8.396897136236534109e+00
5.588575462525786186e+00
8.885329657307975637e+00
7.789384236293132702e+00
2.548649014956741787e+00
6.290988572533368739e+00
4.431684695010117636e+00
8.225901769162035748e+00
3.947346312594759876e+00
6.201944720395970556e+00
9.002843413926184368e+00
8.317777199914935693e+00
9.160016627861187644e+00
5.414542094695958596e+00
8.655632751653389079e+00
5.749156070318923284e+00
9.177347891394907364e+00
6.942373135110869953e+00
7.536651002471532301e+00
8.768410232476856692e+00
4.888653977863635092e+00
9.316952875575886139e+00
6.880836799395664727e+00
4.989294301412395605e+00
8.145952704138569089e+00
2.925178640214117998e+00
7.111397959682292047e+00
4.809795396349037411e+00
8.769464394547723529e+00
6.997905705272951415e+00
7.661281641870747450e+00
8.478611946994364601e+00
6.666832423562711440e+00
2.778134994236365785e+00
7.961540269217543653e+00
6.802034724975606572e+00
6.230308975460744136e+00
6.554324036971419964e+00
3.753739780990365205e+00
9.815167268056560701e+00
7.531941072964813522e+00
4.280807385048062130e+00
5.985077053896859844e+00
7.649210102387159260e+00
5.557873157345231796e+00
6.822393669940209016e+00
9.239629378464476517e+00
9.554248762279216933e+00
8.903965446979501763e+00
8.339239477148128188e+00
3.955821096104851886e+00
3.646439914179053776e+00
6.037940802560679998e+00
3.792277562496514598e+00
3.263156553332393628e+00
3.930452488502011121e+00
8.236747487876641571e+00
9.746835744925427036e+00
6.263194400254273653e+00
2.964461421996611001e+00
6.762490643562383497e+00
6.758453053656532816e+00
6.461378103719185084e+00
3.820514558570936359e+00
2.784218543029058246e+00
5.249231472464430226e+00
7.279897597650309748e+00
7.103330008427947817e+00
3.334123226004747309e+00
7.496754998266954573e+00
3.073660001990166535e+00
4.171081091211071623e+00
9.017708341948733164e+00
9.820625813145733574e+00
1.019563681537676914e+01
3.467396890849204993e+00
7.532243665725854243e+00
6.011550889720523649e+00
4.702466695266549479e+00
4.676196012294736803e+00
7.652024580444945379e+00
5.321659164500419870e+00
9.247370663295237492e+00
3.265234890234342213e+00
7.454010889596750289e+00
4.652754774126493409e+00
4.902881541923327369e+00
5.636630442171457922e+00
8.036982045934484731e+00
7.476537736885675578e+00
9.180010212418826754e+00
2.667918044556113699e+00
6.608561337463517482e+00
5.716922720220014575e+00
5.048977875784006919e+00
5.009778896205568266e+00
7.143757945400781573e+00
1.000909048529846146e+01
4.707286350396052477e+00
4.510816382155517168e+00
5.926049912678365672e+00
5.984035324603592443e+00
9.250427460149255765e+00
3.829125431400682178e+00
7.604503911729819876e+00
6.512154583148602072e+00
8.189394104656589235e+00
7.749858035017478386e+00
8.006961083928487710e+00
5.539517648721808740e+00
9.927308261976548920e+00
3.431998475756626199e+00
9.946716111047544828e+00
7.022570799442136469e+00
2.630049788415712353e+00
6.457366370789963561e+00
8.379856803477338190e+00
4.316411619244894027e+00
4.199397715684193066e+00
9.914815457428144185e+00
4.974292588469724663e+00
7.996185289425178588e+00
6.831947791582383189e+00
9.101915012570998442e+00
5.189054620231823733e+00
4.990906885259009940e+00
2.792218758115283972e+00
6.999150109331482739e+00
8.517221443194946673e+00
7.551869512499072457e+00
1.009951631371546199e+01
4.275570016722102906e+00
9.535274203788235425e+00
6.765124538336966253e+00
4.948612091618437070e+00
2.859629033621050809e+00
9.017279590001820111e+00
9.962017470840477174e+00
2.754698763729543032e+00
5.267291309793080245e+00
4.534883690901928333e+00
6.351618471720288817e+00
3.687539225753393435e+00
2.904677691086870794e+00
6.658410705056237333e+00
2.821981678487476497e+00
7.567722257179735124e+00
2.642419953606439886e+00
4.402407667243340761e+00
7.833552336239133496e+00
6.019341206254474663e+00
6.094241867658725553e+00
9.482788832354680508e+00
5.114224951509369177e+00
5.863580045379237937e+00
3.168786494258679642e+00
6.868056535644180727e+00
9.965326892447095020e+00
7.828250503147845762e+00
8.719878553027626822e+00
6.052622262073897197e+00
7.936876425807556146e+00
4.695632081164045957e+00
8.489055451335175917e+00
6.931564570212079168e+00
4.558935907816096922e+00
9.745443746258880324e+00
2.854784022211560579e+00
4.465149729541749934e+00
6.373528317672762178e+00
3.645223356184940755e+00
5.342880660139056381e+00
3.834707512527146367e+00
3.385296045732398174e+00
8.270901124729089560e+00
5.055227518884428228e+00
4.764286905290290086e+00
2.896993156915478984e+00
8.769192461374114345e+00
9.934807290890102394e+00
2.891183833797144942e+00
2.819338613119823034e+00
4.386956824689986156e+00
6.086049338418878740e+00
1.022563210525085964e+01
4.163534955647813618e+00
3.710861476470832976e+00
6.018062133890966336e+00
8.574634826147986999e+00
9.318714149164778249e+00
5.515588554682027578e+00
9.303328993034359229e+00
9.839195503385727903e+00
5.518116912881214198e+00
9.777632211056351608e+00
3.019411519382784626e+00
8.390353255049888048e+00
3.702600663273621251e+00
7.485368871107637823e+00
4.017463483508351807e+00
5.934760984869313027e+00
7.409342117433717512e+00
7.906549529731023540e+00
7.620089882068320719e+00
7.132383033605985467e+00
3.642997077526839877e+00
7.807407306059901408e+00
7.604241791454627197e+00
5.114933817486821965e+00
7.842354843622771909e+00
9.445265847860099484e+00
5.439401126045852131e+00
4.801545854758536791e+00
4.888187151441762524e+00
4.866249011026802407e+00
7.040017051399263259e+00
4.382513592858124696e+00
9.805168731313553820e+00
3.312040457978124852e+00
3.463844720049446213e+00
9.868479869675901739e+00
4.117685980545660485e+00
3.879773807014722298e+00
5.144636237497695497e+00
4.480764054565212540e+00
6.685179044195806775e+00
6.346109018747545960e+00
7.889093208341884988e+00
4.891573094266949084e+00
5.715694659893354235e+00
6.238315470473810187e+00
3.049606741212045780e+00
5.336621206258098660e+00
6.307054707988643649e+00
7.378390420245197312e+00
1.035186797743101295e+01
6.139985442301327367e+00
6.025831611452636238e+00
3.122020320991370390e+00
4.843806506968078018e+00
4.471679422983376284e+00
6.439420554121502605e+00
5.004109173301600322e+00
9.454353472461695773e+00
1.012137801923798364e+01
4.420502285955520527e+00
8.665027571354228186e+00
4.291806339251379221e+00
9.940363057288488235e+00
4.909689845216430371e+00
3.119424878685865821e+00
4.221736857560986600e+00
7.765423689082318504e+00
7.545143228075480657e+00
9.318577635333952003e+00
3.758137057663956337e+00
5.652677973127841149e+00
7.685439407247266708e+00
4.893408669549848433e+00
7.868807313855819885e+00
6.567058600465333740e+00
5.359306429272905348e+00
4.924809515974219565e+00
4.445879891661526528e+00
3.610444328483758181e+00
6.827593067552966133e+00
9.530019048955521654e+00
9.403802309813071858e+00
1.004554101224722729e+01
7.842476565161175195e+00
9.331371074345053529e+00
7.812804564378671657e+00
8.559490405671523305e+00
3.149914551404751073e+00
6.838894880938827470e+00
4.228028031769798467e+00
7.342173746721341487e+00
7.115468065913070461e+00
3.539469601604385396e+00
4.260996063938337741e+00
4.353773701099886928e+00
7.457083820747539171e+00
4.891623236473897407e+00
2.940382893844585954e+00
9.486297749784004196e+00
6.183471330008560862e+00
4.362226709189685359e+00
7.098033807756797486e+00
5.398530509305470737e+00
3.411170039903220541e+00
8.396904276231646591e+00
5.274711043162642277e+00
5.722491423876623351e+00
9.554162291055783740e+00
3.475090431925988099e+00
6.757095926270551445e+00
8.129239375165951742e+00
9.268339063171856296e+00
7.176947249900900161e+00
8.874755151310807832e+00
3.432158089015625801e+00
9.655244848757183362e+00
9.821150196346032146e+00
4.670497818014786695e+00
7.165647086546698574e+00
7.260103755070296927e+00
5.631100945925902046e+00
2.678226167258699775e+00
3.353042425932366566e+00
6.344370798306029791e+00
9.270661368418412707e+00
4.696673537654614705e+00
6.845690859773728043e+00
6.488219491869602784e+00
7.248326338895215493e+00
3.028647213269049843e+00
4.581666476632651808e+00
7.543192238613715794e+00
8.535283630100718000e+00
9.204926817264713179e+00
7.644511451641380795e+00
6.565539187023625267e+00
9.778690952490714849e+00
3.861613032459818573e+00
1.006542324967848678e+01
2.656641177293785461e+00
9.696087768964357423e+00
4.825205307089090567e+00
8.224659609986940012e+00
7.674136348930336027e+00
8.051102439965452717e+00
5.327046011503825618e+00
3.077235797827347241e+00
6.071419796138976643e+00
3.517438058609713813e+00
1.011567573782439666e+01
9.425527803329561749e+00
8.049956442158718417e+00
6.208850091088732093e+00
4.966357168757927987e+00
4.993599780528530374e+00
9.764319665224517664e+00
9.957353101433836784e+00
9.053774073758653174e+00
3.245081104160186580e+00
8.731599293706821641e+00
8.302792733867372377e+00
6.395574179611550392e+00
4.822875272948511594e+00
4.119308809029728735e+00
5.702170324992575701e+00
1.013000573813979521e+01
9.921654185556686656e+00
5.257328143764016914e+00
8.810696257933653186e+00
3.824859325339338145e+00
3.386659850140354422e+00
4.591579628596998752e+00
4.916821995227423692e+00
3.960785332486932653e+00
4.508249085040558768e+00
3.449839737712735221e+00
6.891240318365791317e+00
9.791234565308210236e+00
3.709225811313829446e+00
3.231321448902525262e+00
7.177234058347630175e+00
5.997229567715061549e+00
6.181336099932844164e+00
1.013811703353405669e+01
4.115618077985854661e+00
6.349770819449913617e+00
6.892115127422653309e+00
9.931576177535877292e+00
9.287440335029492289e+00
4.502191670642159416e+00
8.916235106961124757e+00
6.357949305721097844e+00
5.120401162229639702e+00
5.989646644079692273e+00
6.587411916805856471e+00
5.335904416413733919e+00
1.000815991132658489e+01
4.682331488803634478e+00
8.258968834440448603e+00
8.154504815755897695e+00
9.234148280781973028e+00
9.044531414952105663e+00
5.502178721698065544e+00
2.953954561310632165e+00
8.852959697285141871e+00
4.068436343281477185e+00
1.000644470196972868e+01
9.406126892320331834e+00
5.635830534749856291e+00
3.324586044885972314e+00
9.944260105316281795e+00
8.949751273837653898e+00
4.437961483610739499e+00
9.394374057796371247e+00
2.974057953539211763e+00
3.253759104944353275e+00
7.748248634248243505e+00
3.840488222368936722e+00
2.961519985023718604e+00
4.996812454115590718e+00
9.543664712939481376e+00
5.045476702611717101e+00
3.969093762121482794e+00
6.367965769808031418e+00
6.888324647983042226e+00
3.910691092035309513e+00
5.111091003794568266e+00
4.831478237499418071e+00
4.430454275145999432e+00
9.072509333779388285e+00
7.395087233840071050e+00
7.930268612221891722e+00
9.368025351200095940e+00
5.969034203739271405e+00
4.175059430024847806e+00
8.331898409094636193e+00
3.432079435883863106e+00
6.110206178686314438e+00
7.652138929340702056e+00
6.719852149873789315e+00
7.504702636225598411e+00
9.224473619908451383e+00
8.518269375433950685e+00
2.710101558417243428e+00
7.572067159966590744e+00
4.035446962018254702e+00
7.023041937461565354e+00
4.868595988334256219e+00
4.133392980613098899e+00
3.333784256803741464e+00
6.085208768738592511e+00
5.913233111199142300e+00
4.944244955491318372e+00
5.584697176130642760e+00
7.200781436639616118e+00
7.411545216459126451e+00
9.845235831001007298e+00
3.329605681705376963e+00
5.936654280202350975e+00
7.882702633887804566e+00
1.016890736452130994e+01
3.532908786178390326e+00
8.993141550913419380e+00
5.092518972775956776e+00
8.327034088146772817e+00
6.032456430959521221e+00
3.863950087405219946e+00
7.311462830195956997e+00
3.861286779494035759e+00
9.407571705310717292e+00
1.004609926119730368e+01
7.668898219171746966e+00
3.228042079129267883e+00
7.509274753544330494e+00
3.879049451009253691e+00
8.956871340252975600e+00
4.758250965324922532e+00
9.415202049193663214e+00
4.044235621261536906e+00
7.949052485082653163e+00
8.746145485689559962e+00
2.782019371476479819e+00
3.721514980545408857e+00
8.874908071911374208e+00
1.005359945244824260e+01
1.037688835838851276e+01
1.001725631184112508e+01
7.377773018559537377e+00
5.438477159899653302e+00
8.678520269914807628e+00
4.772289879446989680e+00
3.867612857424477024e+00
2.706319271946370453e+00
5.843181650095116808e+00
9.347540417329591733e+00
8.985554837902794745e+00
8.519592183902034321e+00
6.216906231140383099e+00
7.298495499293770727e+00
6.908955838758163992e+00
3.404589313222269098e+00
3.013176985038290123e+00
2.682360467026874584e+00
6.290332836423092822e+00
1.010141980780643323e+01
2.753853502281587762e+00
4.631940195760092749e+00
8.287656435983722147e+00
7.655794908656472053e+00
5.082388367863204692e+00
3.058010633480110929e+00
1.029935935599190699e+01
8.634693571190286576e+00
9.433027149131715916e+00
3.633084394908895121e+00
6.051826029287031616e+00
5.331097109671240730e+00
9.777384232237647410e+00
4.330541261634960115e+00
6.463096980479346776e+00
6.538440103089824262e+00
6.798467968056907118e+00
5.398438807133647543e+00
2.788610121850502832e+00
4.435499346132884213e+00
2.925484004400062954e+00
6.006346869554215928e+00
8.024381112622259948e+00
8.624725860162971713e+00
9.724807874626451465e+00
2.961435871013232024e+00
4.525071050900656644e+00
6.012693549823480588e+00
4.208871054436659875e+00
5.980737814893373638e+00
3.935102169320351173e+00
6.668624551068593753e+00
6.262888817885711390e+00
3.318760306421409290e+00
4.286599087044485223e+00
6.114266587499724181e+00
5.726920043469016619e+00
5.822425204376205699e+00
5.257735759007965193e+00
7.387473665176002235e+00
7.144936266716840123e+00
4.446865528964847769e+00
6.024861145148443065e+00
8.364099408475826891e+00
9.233106564015391982e+00
6.247322529013018766e+00
4.204481398065071041e+00
7.919139157949458330e+00
5.420269531470474966e+00
4.620740290959351348e+00
3.605476971303576139e+00
8.723673571884223321e+00
5.547994113980680098e+00
8.676700516211466763e+00
7.981025469712712095e+00
6.713173732601705801e+00
8.992681746823366851e+00
7.261566574565538446e+00
7.197709069044853081e+00
9.177236938251233767e+00
5.756857610761627164e+00
6.144487377999626077e+00
2.831539174720885121e+00
1.021112846608946079e+01
3.987506360915504366e+00
6.920159173915116924e+00
9.779438702061472810e+00
5.392923927320235400e+00
8.976845905041864526e+00
8.879817585272636649e+00
7.484028896257692409e+00
3.110621721895823200e+00
5.598777786277801205e+00
3.743197897707015720e+00
3.694703050610269379e+00
8.064940499979904587e+00
8.557417923463868092e+00
4.686077825089723703e+00
6.271116750451602329e+00
4.468905343289762300e+00
6.175589591258958677e+00
5.927044897401686718e+00
7.025313199124161301e+00
7.412814552968272963e+00
3.786179650228249649e+00
8.780211644284417360e+00
8.720686130655002088e+00
2.623610607374806225e+00
9.698783616495608939e+00
6.591305416604219758e+00
7.678409521279278671e+00
4.570719341626626075e+00
9.112420658767357295e+00
6.732533287310024761e+00
9.403740017001990026e+00
4.315603067182797403e+00
6.434954672646646223e+00
4.021268965575286458e+00
2.993550509270764604e+00
5.961660709491899190e+00
1.012306412259438559e+01
6.171580418328603379e+00
2.165392964035229184e+01
1.342683399067351502e+01
1.973826355143249955e+01
2.176484774533407318e+01
1.925647127039024298e+01
1.592705619412358864e+01
1.745514122609618113e+01
1.856771126224828450e+01
2.589549588300830507e+01
2.346797057514180551e+01
2.143419356545824073e+01
2.382713495103061874e+01
1.812221007101367221e+01
1.712721460408348406e+01
1.606528968970136617e+01
1.983802952793658392e+01
1.416163804240540358e+01
1.498442849334016458e+01
2.463440204504566822e+01
1.909509279570549722e+01
1.923430211215151786e+01
2.053542938779482441e+01
1.899450818835003219e+01
2.262568421498499305e+01
2.109415045280192658e+01
1.417881497733184659e+01
2.142687986362749797e+01
1.686071616991915079e+01
2.379139106087748701e+01
2.022782067341841383e+01
1.983250767775989942e+01
1.754363197369409733e+01
1.505625785171980624e+01
1.687876366469507872e+01
1.611783964618190268e+01
1.406241251215478627e+01
2.084297466843523594e+01
1.674531416716444454e+01
2.569027913379287043e+01
2.111322714048768390e+01
2.044439259311297263e+01
2.128827568406362403e+01
1.597340897391836201e+01
1.947572858776128157e+01
1.639154150241523666e+01
1.583089181335305895e+01
2.045984044329619422e+01
2.556084673730247303e+01
1.978864501022848188e+01
1.979754043276315656e+01
2.387724829547432392e+01
2.574025480672249699e+01
1.597267007716738263e+01
2.113264685703924073e+01
2.243003722770337660e+01
1.339240702428987717e+01
2.012598319869113439e+01
2.388929289120516231e+01
2.160525714059925306e+01
2.117847333091685158e+01
2.595447104410594719e+01
1.473866001470242182e+01
1.532063999409500710e+01
2.096445242605245696e+01
1.613175847078263203e+01
1.608612374349847229e+01
2.009102388765465719e+01
1.796705157055013657e+01
1.525862555587889702e+01
1.645125855498524103e+01
1.564368890649662269e+01
2.460263266161163642e+01
2.441581538946746122e+01
2.147640518602123549e+01
2.246647441115322863e+01
2.008782540474510014e+01
2.070725175470911594e+01
1.484753038193289143e+01
2.207083969433241322e+01
2.512755675490279117e+01
2.182424107225551779e+01
2.252631966748548820e+01
1.761897458706742370e+01
2.382694209549638487e+01
1.358584844635572253e+01
1.615971253287855802e+01
1.680882797129360995e+01
1.629222302487383800e+01
2.532168534174049768e+01
2.172910647694155273e+01
2.322426676413574498e+01
1.446012445783618006e+01
2.359556050685707973e+01
2.464631502310501432e+01
2.387614146184296970e+01
2.504287452345549170e+01
2.090393656376555853e+01
1.504092466543606044e+01
1.509801840205023460e+01
2.338533765586375424e+01
2.503604546832505306e+01
1.802486808440104227e+01
2.404241202013587397e+01
1.405936002765649562e+01
2.386659179823160670e+01
1.903094705104830453e+01
2.416843376169569879e+01
1.410213173637614581e+01
2.354264913306275631e+01
1.776543448222486532e+01
2.006512097879960876e+01
1.397918999472610935e+01
2.421473394540863566e+01
2.038235417826621543e+01
2.416907434835191282e+01
2.388260597381641759e+01
2.449936116374194484e+01
2.524898517435632783e+01
1.478958655909450748e+01
2.517643384850327948e+01
1.869520815867372932e+01
1.633601428808019662e+01
1.516220744759361772e+01
2.430632862304464581e+01
1.690341726255347510e+01
2.311459475013292320e+01
1.932233413252600585e+01
2.149670402964418514e+01
2.552872253582954443e+01
2.261895258089166916e+01
2.459132987034487883e+01
1.798652673015572390e+01
2.180128872673220997e+01
1.821663888989933255e+01
1.526944671351935767e+01
1.642552856076270018e+01
1.858840202248106621e+01
1.798903091529778919e+01
1.707265766667054052e+01
2.570598894452648508e+01
2.301986831201775630e+01
2.239516502842346313e+01
2.351050809270445185e+01
1.325997780584065744e+01
1.597132561446438181e+01
2.578839869259699569e+01
1.508768437018424180e+01
2.220642243125655924e+01
2.094277888502351459e+01
1.840092634401468885e+01
2.075511533431355815e+01
1.453686534555008159e+01
2.496801884844360941e+01
2.462160265353297461e+01
1.819007815846275022e+01
2.520174543571245351e+01
2.062805090247429973e+01
1.514286451615432760e+01
2.198718994817848582e+01
2.276157118427607173e+01
2.588290693592987068e+01
1.680243030248290381e+01
1.595663951944971615e+01
1.565394833387941453e+01
2.275215191326803676e+01
2.213883463203507773e+01
2.143196793022669766e+01
2.391012136773069940e+01
1.545289328638949300e+01
2.079804977042722669e+01
2.222809283936683755e+01
2.119891253572070866e+01
1.426181400960982870e+01
2.605450072335919032e+01
2.286952004143627804e+01
1.716557965715564649e+01
2.482418618181149839e+01
2.141299640141455285e+01
2.346724189519581927e+01
1.646998516102522458e+01
2.401143859482729326e+01
2.050849628423201310e+01
2.550371393961381727e+01
2.475422477651580877e+01
1.312568129430404795e+01
2.542407238010993353e+01
1.606533676243189745e+01
1.574913211227811161e+01
2.394314176333999100e+01
1.648207014597059938e+01
1.658532871146739751e+01
1.571372454965316123e+01
2.052039726516816032e+01
1.349541252845799022e+01
2.443330087183293031e+01
2.610545335865884198e+01
2.112449139451853242e+01
2.176361188460067453e+01
2.305288637273658026e+01
2.320162720396414358e+01
2.302944075710842142e+01
2.019524960143453640e+01
1.347833232535189474e+01
1.889118622984136664e+01
1.932486237527024642e+01
2.508372393144070855e+01
2.211328834350073791e+01
1.322640807708981114e+01
1.647015110986180630e+01
2.139832094187500289e+01
2.340193571786431548e+01
1.880559734429093055e+01
1.602170864324669708e+01
1.539358987162440151e+01
2.151298159305714108e+01
2.227910941597385985e+01
2.466643663430642874e+01
2.510252660533292968e+01
1.758089472513585960e+01
1.762931906739229504e+01
2.299862088481257061e+01
1.997127559741569769e+01
2.428978127185475344e+01
1.609693465565482740e+01
1.316161303013933548e+01
2.040746889927651253e+01
1.499141646237338676e+01
2.252329557459942677e+01
2.520448999771875620e+01
2.346882926652165224e+01
1.560984958811367207e+01
1.428345557517489617e+01
1.988003814118930990e+01
2.069236018897942486e+01
2.304743773765651582e+01
1.650908121683148622e+01
2.465164156514260441e+01
1.336079924837037325e+01
2.328632371472752283e+01
1.717286529390556993e+01
2.516455066424355635e+01
2.429753000268645025e+01
2.050306474338030327e+01
2.101153926527129201e+01
2.632777603933383048e+01
1.690761355923082476e+01
1.969992870020658415e+01
1.606399129858361974e+01
1.946383637873835326e+01
2.163480447322020339e+01
2.204767665097626050e+01
2.035156849803099632e+01
2.409959439034212636e+01
1.482688083953971336e+01
1.548264536723472240e+01
1.661068022933250532e+01
1.985145605498014021e+01
2.014888872417755294e+01
2.438290628217525580e+01
1.803638094557608795e+01
2.590077935688014321e+01
1.752311062647140005e+01
1.548877385190503198e+01
2.006590721575711456e+01
1.560760455486210851e+01
1.507083840691664278e+01
1.855052026531525655e+01
2.605621248819428359e+01
2.356903625454768658e+01
2.125395846113754317e+01
2.529679933137818892e+01
2.098578858031472905e+01
1.932532367780535054e+01
2.192972300012040066e+01
2.549011466749912103e+01
2.122883455787323115e+01
2.620373239781926600e+01
1.509377127049755885e+01
2.537096777290400951e+01
2.517292157678636144e+01
2.200855031253109928e+01
2.061540919960390639e+01
2.428011935954763345e+01
2.571279776631453728e+01
1.926281112594356770e+01
1.376305396051898988e+01
2.026549490245520246e+01
1.934053670483119447e+01
2.057907442160409062e+01
1.411294170769137324e+01
2.490605459598980076e+01
2.330948757339187694e+01
1.767263283993832701e+01
1.495512609529566994e+01
2.205314170636607685e+01
2.509173417894372804e+01
1.911375927695305066e+01
1.689975748382497756e+01
2.365591989892844893e+01
1.985888195659347133e+01
1.730543542302357096e+01
1.784640004173930450e+01
2.289198842506230136e+01
2.095006077635606090e+01
2.052318914334454547e+01
1.829752933760950384e+01
2.131172270942487046e+01
1.766318800176653170e+01
1.956789280388408869e+01
2.462298224708723637e+01
2.014052978241176817e+01
1.348965516685625587e+01
2.520031992020169298e+01
1.355236957596724245e+01
1.590914128790397264e+01
1.825568052920468176e+01
1.682755167488966563e+01
1.391387454354483211e+01
1.449189039000108359e+01
1.575867553776410190e+01
1.469572777866369151e+01
2.251826932092957989e+01
2.246467802616697185e+01
1.740486800419721547e+01
1.663668846873374108e+01
1.762878366780734396e+01
2.474828178542491131e+01
2.076399139656941273e+01
2.597200152927212002e+01
1.480258734470067239e+01
1.479186561213304962e+01
1.674862291633386491e+01
2.384855385349119317e+01
1.526717510447078752e+01
1.769442655229205030e+01
2.254319368632690512e+01
2.025185896942261010e+01
1.987913526652792129e+01
1.924479418955965926e+01
1.614513810950046135e+01
1.813657159027761878e+01
1.536773108091957241e+01
1.444152061681864119e+01
1.340055745878886739e+01
2.475843033234717439e+01
2.385788578529989579e+01
1.904734249084393483e+01
2.062114932890304075e+01
1.455154973860544843e+01
1.490658549390397347e+01
1.672053666520449156e+01
1.562127210947226885e+01
1.589033143619316846e+01
2.000056192164119295e+01
1.805303074842424493e+01
1.506416726151459251e+01
1.403817894486390117e+01
1.602620563837894707e+01
1.737851316128216794e+01
2.544173624259187250e+01
1.438086610178461555e+01
2.516967408116328642e+01
2.472760036114530635e+01
1.475813256271850982e+01
1.940299820923193508e+01
2.320162669621158713e+01
2.277237452913594851e+01
1.826544915242441647e+01
2.340606052815546789e+01
1.709706631658228915e+01
1.811454830781025649e+01
2.098470944340914812e+01
1.442340443404930994e+01
2.107799495568140813e+01
1.596833959456484919e+01
2.339557599092859164e+01
1.456575020291105105e+01
1.558791414028553390e+01
1.383920478933586118e+01
2.007387301433952587e+01
2.038527709961099532e+01
1.914894055350449520e+01
1.438962930111724958e+01
2.375152666840684290e+01
2.052139379587043777e+01
2.449764190952040011e+01
2.578647486793903099e+01
1.891213504645423171e+01
1.656779097186562666e+01
1.830643134325907440e+01
1.664729700651965061e+01
2.351581993478642119e+01
1.574707171059643862e+01
1.424820705616714278e+01
2.527648967369888311e+01
1.853774090477174141e+01
2.354551868364075773e+01
2.155707216850284880e+01
2.570839900094832586e+01
2.602806840717391879e+01
1.758187121320896296e+01
1.730438347678147082e+01
2.435536693251510698e+01
2.542268818679403708e+01
2.407915464106067205e+01
1.955133307824939948e+01
1.904407953782443386e+01
1.882267258574223234e+01
1.323626142518285853e+01
2.279147656501562125e+01
2.210443910974857928e+01
1.902547139691036193e+01
1.909823593713838008e+01
2.050003153122382926e+01
1.676039944610763754e+01
1.433434026253349991e+01
1.594497391715416512e+01
1.638833205714509234e+01
2.470561194865342003e+01
1.835538321085853752e+01
2.242511653727992993e+01
1.519573659113409825e+01
1.405122291103944931e+01
1.842081517915821465e+01
1.827338063551044556e+01
2.564653589283162916e+01
2.506792985214183744e+01
1.753881244720853871e+01
2.381739921439033125e+01
1.420457034678245201e+01
2.469017482258261609e+01
1.986736985457846671e+01
2.138635846914677430e+01
1.356217733057671992e+01
1.807727201315936583e+01
1.423578533599726192e+01
1.720485088332469914e+01
1.927027561834611546e+01
2.360414984183911358e+01
1.844361718353863111e+01
1.788979163315282861e+01
2.594423672535428338e+01
1.808875998107456340e+01
2.572250364790227550e+01
1.992314033240694826e+01
2.108949994039254960e+01
1.861648134833315282e+01
1.398942075760181503e+01
2.283551759144084770e+01
1.573340434244641806e+01
1.935044753573569665e+01
2.423744186607605400e+01
1.978994402154197729e+01
2.479694103322703214e+01
2.579876230892731215e+01
2.587725131854372407e+01
2.357195477416837903e+01
1.611300767842232062e+01
1.828046641868080968e+01
2.362750928998527300e+01
1.650468922213440948e+01
1.945686718905188783e+01
1.348210219481368988e+01
2.420234816802992839e+01
2.473273965922874140e+01
2.080249055427870175e+01
2.477348712796768027e+01
1.563882411870991795e+01
2.505427106475087484e+01
2.575707745839116924e+01
1.883814004011484755e+01
2.152563636620347509e+01
1.745198707330540344e+01
2.145509208010509994e+01
1.548552629555929983e+01
1.516441950801922900e+01
1.493517441204131124e+01
2.520056966638877682e+01
1.446191843081059680e+01
2.218741952477824597e+01
2.252121938187755035e+01
2.430374482025375826e+01
2.017738565570024889e+01
2.410119171868644372e+01
2.558820333098420718e+01
1.360595243238415186e+01
1.742180177585531453e+01
2.546218917233397150e+01
2.324134022706848057e+01
2.345831003903666812e+01
1.960412057928736473e+01
1.927461909385493755e+01
1.618200796731218816e+01
2.341961226101761184e+01
2.045907478366486387e+01
2.583223557372232193e+01
1.967957549278315454e+01
2.248509037039026026e+01
1.760857626180643720e+01
2.439496826430244525e+01
1.720841293356900792e+01
2.260199313395382958e+01
1.730592599500746331e+01
1.948915650796982746e+01
1.918802424051042976e+01
1.651688651574223954e+01
2.021907855169924062e+01
1.352847336195154071e+01
2.237225635034480220e+01
2.180237923586066628e+01
2.007848386613021674e+01
2.189720702263554486e+01
2.611022542475727803e+01
1.335815430118728919e+01
1.999368619454725149e+01
1.634151752876744368e+01
1.728630312014166748e+01
1.359981078236354435e+01
2.047491550827687234e+01
2.622901521005252334e+01
1.522404722247904374e+01
2.429319334485322557e+01
2.495617025168559877e+01
1.709248805737287213e+01
1.338251220365244265e+01
1.763540275279659397e+01
1.510738185952470758e+01
2.274758069611227995e+01
1.816920717369828253e+01
2.490538263919441064e+01
1.314146422945935733e+01
2.368683580218110762e+01
1.999752119087713709e+01
2.290425465529229143e+01
1.761033317961489075e+01
2.476893826104876695e+01
2.544989597177737650e+01
2.486082176682679545e+01
2.131347312624446388e+01
1.501043034879789673e+01
2.426585303830484719e+01
2.401167884899140148e+01
1.938215131552243164e+01
2.101471591814172868e+01
1.372373783671163316e+01
1.348627635781901901e+01
2.143063241015249432e+01
1.869359546372242065e+01
1.453619544786325335e+01
2.401836060490179392e+01
1.366174055231446793e+01
1.332865239977753546e+01
1.959455049029606144e+01
1.893522919663843140e+01
2.063819197496590974e+01
1.477861861640172236e+01
1.665270941914036129e+01
1.479950322854793576e+01
2.266540713398143936e+01
2.519862522071462152e+01
1.622579348802982224e+01
1.579526953750690232e+01
2.418659690650998328e+01
2.381922520535582777e+01
2.126545555221959916e+01
2.528836200863668182e+01
1.994551301970664525e+01
2.132914097272866627e+01
2.002045530060927803e+01
1.326759888817650967e+01
1.914029495831605843e+01
1.353722911347778890e+01
2.184895741543942194e+01
1.408396602332174830e+01
2.042103725833018757e+01
2.283038439548052523e+01
1.826357949500532030e+01
1.631748731820022869e+01
2.541152479107744711e+01
1.907197861327662736e+01
2.360346016685286230e+01
1.760234849640216481e+01
2.326436465160967515e+01
1.651618238208954637e+01
2.257714376498136133e+01
2.379389616603359414e+01
1.419372287120090270e+01
2.426517472184211499e+01
1.378181632744828455e+01
1.445110744097225108e+01
2.462550642086255692e+01
1.514702816445087663e+01
1.528979389873359729e+01
1.975077490184399309e+01
1.665456752996374590e+01
2.124168144024360672e+01
2.119662787987380526e+01
2.180797326305131278e+01
2.513952706094877243e+01
1.606322584500193784e+01
9.621101003447565247e+00
1.141137442033866378e+01
1.072815494423683091e+01
1.024113493518702356e+01
9.049871203835204270e+00
1.148664954801205162e+01
1.069914937864296434e+01
1.027969860417696601e+01
1.004227847892762782e+01
9.310025391504892056e+00
1.079031262707758287e+01
1.085138414503713200e+01
1.085594501353085661e+01
1.164129138575871458e+01
1.029498839561703782e+01
1.005742834762727789e+01
1.301671237576231910e+01
9.048399462165258811e+00
1.198584215717705348e+01
1.241965575900936436e+01
1.000275955168368824e+01
9.121973447845151739e+00
8.914920666506979785e+00
1.080095070043902794e+01
9.067049156171821167e+00
9.544756561191547917e+00
9.311623327136620887e+00
1.139354726081291247e+01
9.274950903832943183e+00
1.158887425378622638e+01
9.067205777083030327e+00
1.206781631497228879e+01
1.072245506169536888e+01
1.049605498965316741e+01
1.112299513595011291e+01
1.174937407164490466e+01
8.952989827507947140e+00
1.022148558121443074e+01
1.255458889463361594e+01
9.064809700194489395e+00
1.202812258000223977e+01
9.963548191104527163e+00
1.061080962828761187e+01
1.213740422359312454e+01
9.495784374149266682e+00
1.298557293640073418e+01
1.264207724576454694e+01
1.113290876462394507e+01
9.472114175921040768e+00
1.203311878195963480e+01
1.302982595764665952e+01
1.112723768309123429e+01
1.225979212078234504e+01
1.085459936729886898e+01
1.035417433916344265e+01
9.229540748534972749e+00
8.832035671798861287e+00
9.999064293803058945e+00
1.305651472475456032e+01
9.716592877264545791e+00
1.215966620394977049e+01
1.171928064019740034e+01
9.210560280411057121e+00
9.987558567205974569e+00
1.001323246799103295e+01
1.093243579122309761e+01
1.212488982469284693e+01
1.148175714298129790e+01
9.435242997713624291e+00
9.757253360669436049e+00
1.006440785138108573e+01
8.763587788073188278e+00
1.161629021904754744e+01
9.345312770095029364e+00
9.170784597571486785e+00
1.021452710638365247e+01
1.074708313172498464e+01
1.108493739309222370e+01
1.022213828222677989e+01
1.294876493629342740e+01
9.481182729092209271e+00
8.970641248333095064e+00
1.217258779610158470e+01
1.037461437496637728e+01
1.111334062910647447e+01
1.132990717655136237e+01
1.183551442295486922e+01
8.920069976249315857e+00
1.110205511184061855e+01
9.335599792731160917e+00
9.280588979876354117e+00
9.336417973903076373e+00
9.195836090755099335e+00
1.296228944746489908e+01
8.786706385879249126e+00
9.566911194409165375e+00
9.592514948072770053e+00
1.262951380232462206e+01
1.178276573041939912e+01
9.686980980632034388e+00
1.225107895520137014e+01
1.031644418864520851e+01
1.160770666641587745e+01
1.285878362031987088e+01
9.175341973238106519e+00
1.286936404654601063e+01
8.866440573452528895e+00
1.093113697794593087e+01
1.164306151406592704e+01
1.053943374137703159e+01
1.234151820477456596e+01
9.371219995329735042e+00
9.502446390504758256e+00
1.229883845133410603e+01
1.157043258711036593e+01
1.026137912165965282e+01
1.161498149162720495e+01
1.135043443017663023e+01
1.201043996385931045e+01
1.224914634038567129e+01
9.799025026261350746e+00
1.203755259604461791e+01
1.189247211509184154e+01
1.139020288151031579e+01
1.041277393700084097e+01
1.075355356112772576e+01
1.284473062410543065e+01
1.252939104767082412e+01
1.305724568358314919e+01
1.069171716986353893e+01
1.075144112224997173e+01
1.215393642343250846e+01
1.250704029045398435e+01
1.196330447757533832e+01
9.255182865409803838e+00
1.180881242621369687e+01
1.015993825763078817e+01
9.324384504747493807e+00
9.459162071582381870e+00
1.254581639954836625e+01
1.225119728225388727e+01
1.159425721790889163e+01
9.970122783959677548e+00
9.921626689065806914e+00
9.003828017955104457e+00
1.305504265902452055e+01
9.074550741763713901e+00
1.237469543129607352e+01
1.247580588849285732e+01
1.040926592873648104e+01
1.117235978427891574e+01
1.122456864089692630e+01
8.911104059684308965e+00
9.517422268590649992e+00
9.040418061815183037e+00
1.162154470930592431e+01
1.065152058881027486e+01
9.873967835592219799e+00
9.455474062438881333e+00
1.130992863462771858e+01
1.308961238636099544e+01
1.300187662304456637e+01
1.171118960665901021e+01
9.794876690381679296e+00
1.112064748115733614e+01
1.167609775302469544e+01
1.192764793915413968e+01
1.228889236226371118e+01
9.751500530850593762e+00
1.037822014439813856e+01
1.247387854076886171e+01
1.001484312923555464e+01
9.264372154358511580e+00
9.052410740696064551e+00
1.279960682487757140e+01
1.105766455835988893e+01
9.800232290343583230e+00
1.277635202771670642e+01
1.240633259247001341e+01
1.232481594313381912e+01
1.299182703513089798e+01
1.136564520452416360e+01
1.165066899121474719e+01
1.156629345917992779e+01
1.268722441588753469e+01
1.137967587635585609e+01
1.098185194554100264e+01
9.736877171682357002e+00
9.731909767173767989e+00
8.944138284520647630e+00
1.238535743332456462e+01
1.153518048603182322e+01
1.225078084998797934e+01
1.144452396860532772e+01
1.212740138384977406e+01
9.333024903197513211e+00
1.092465288476337903e+01
1.096384756188428078e+01
1.253100065855468692e+01
1.287317489592194875e+01
