7.351300962205521650e+00
9.904562989453101096e+00
4.543937744109673105e+00
7.235116003822386510e+00
5.343111677641458002e+00
3.320311554814785460e+00
8.786196801426768843e+00
9.745172163288918554e+00
6.504570353610895417e+00
4.146472566511388180e+00
9.890599815811809137e+00
5.847513646288086342e+00
6.649619799107886919e+00
5.935444979701809842e+00
3.419836127132692916e+00
4.326957254756230498e+00
9.126369042335776172e+00
8.321099911433204710e+00
2.752489861160323681e+00
5.459507481319946010e+00
4.766556098686698384e+00
8.793939771112441406e+00
5.376008468386545225e+00
5.032365231865222555e+00
3.205186048323620973e+00
9.849130491595383674e+00
8.376782773345189170e+00
6.905842958376248397e+00
3.345136818592800321e+00
9.969362334560162964e+00
3.084836285409224388e+00
6.669275814721197904e+00
3.715315291745939330e+00
7.224926477343235121e+00
6.087395459168314815e+00
7.725350299746374994e+00
7.839786229383402194e+00
1.022754376199858228e+01
7.595307454848343909e+00
1.012911121647593937e+01
6.936696689800331939e+00
9.361573966767283039e+00
6.879679269274940445e+00
5.422237233234198150e+00
3.620549451567558474e+00
9.977036002804283044e+00
9.159314534079838310e+00
4.916643561522318073e+00
7.785143441069956260e+00
9.097405248404541567e+00
7.594985468121446814e+00
8.195419383409790370e+00
5.438327957071827257e+00
3.677483743115606440e+00
5.869764473196131149e+00
7.215786596003167297e+00
4.697347696148487906e+00
3.298081722210635558e+00
3.128058113846913013e+00
6.339027098385571435e+00
1.848880057263972532e+01
2.603486615816116512e+01
1.684164139587050002e+01
2.332632466388501058e+01
2.518630678264296918e+01
1.637030075162811826e+01
1.858580441985832366e+01
1.818766780561774965e+01
2.525840697907680266e+01
2.541673915081054957e+01
2.557271147589489502e+01
2.234711817038313697e+01
1.823155328037715250e+01
1.882230839116858334e+01
1.632847494621135809e+01
1.588982064363123925e+01
1.742279202227736690e+01
1.505331847558064418e+01
1.813561233849826237e+01
1.614469209793050197e+01
1.892448242224230626e+01
2.599216505769552654e+01
1.886609532241299192e+01
1.442351871280615505e+01
2.100133167859911865e+01
1.819165701019298709e+01
1.446356295154521732e+01
2.627617005820205875e+01
1.776582010554694691e+01
1.588204167428219904e+01
9.371030532327674578e+00
9.519240197097216694e+00
1.224580267311663739e+01
1.001308743004280721e+01
1.022074996447912554e+01
1.221451013943869768e+01
1.257007948430832478e+01
1.009965294923953927e+01
1.021631455303476876e+01
1.300871407626812015e+01
