7.432382944076387332e+00
9.622276436850594195e+00
4.502577371887572788e+00
7.236492540356648462e+00
5.185285325038453408e+00
3.384253937083571806e+00
8.966506698354420379e+00
9.845960532587952230e+00
6.656287848018623166e+00
4.129536014591258741e+00
9.839793750477332068e+00
6.011510813162441735e+00
6.658424802154667255e+00
6.027504592126392780e+00
3.424937473758656648e+00
4.267909367622253036e+00
9.146799147030060695e+00
8.443948272494008478e+00
2.794014510375566473e+00
5.514064049735342365e+00
4.764258529900828876e+00
8.890943787430970247e+00
5.378221424302012110e+00
5.043602740793686756e+00
3.262493816369176347e+00
9.941379545560414144e+00
8.367618898272725758e+00
7.015159685100586628e+00
3.305641803747579210e+00
9.966498087115301274e+00
3.085533142992056277e+00
6.609976716186972467e+00
3.710957427997753744e+00
7.249616302493071984e+00
6.098551767282436309e+00
7.757479014025908448e+00
7.700964012900081812e+00
1.006851319804179035e+01
7.759498240292819204e+00
1.023498886568223298e+01
6.820974265959231175e+00
9.417255381708608653e+00
7.031259058470959111e+00
5.327207188707881791e+00
3.631481068851951211e+00
1.018984492180132229e+01
9.152496092411796624e+00
4.901533113489001892e+00
7.920155949717701205e+00
9.079107097119711867e+00
7.663423772162467174e+00
8.346916883750537863e+00
5.493201171707270625e+00
3.703555687459800794e+00
5.869064522257037453e+00
7.193667434806257255e+00
4.729076654976632987e+00
3.222178942341904051e+00
3.072539684364850920e+00
6.485868594473140014e+00
5.714640363635530740e+00
1.032682454809518191e+01
4.891023715005769823e+00
8.748784921401433934e+00
9.844304924194561934e+00
4.445725386712092941e+00
5.961197865827128517e+00
5.554137741296321096e+00
9.745465033693367474e+00
9.718487975473518503e+00
1.005244366774628872e+01
8.068528250627684528e+00
5.579562242695301322e+00
6.117854935633537217e+00
4.528206896724464414e+00
4.271072411722996343e+00
5.092212375514252543e+00
3.606859835404647274e+00
5.597680886212470064e+00
4.413879293425537753e+00
5.977543876591970395e+00
1.041834322457593132e+01
6.078872510943003959e+00
3.324881145356846979e+00
7.231196330492489110e+00
5.636330532464564058e+00
3.450448290549529506e+00
1.042735674086746478e+01
5.380777896899473944e+00
4.268041165578958740e+00
3.755113639036477657e+00
4.090711674099541284e+00
8.648019117720531668e+00
4.905556083715614690e+00
5.064509630467947332e+00
8.817924775763890111e+00
9.533743757436685229e+00
4.986521216845957838e+00
5.037536308497726267e+00
9.918760476248831282e+00
7.412704171479321147e+00
1.006539512975228767e+01
6.376809766034291727e+00
2.943262197178492912e+00
9.953495340901003630e+00
4.156700706335580975e+00
4.941589707139404375e+00
6.890459220418347464e+00
4.619058873511789898e+00
4.172868116485442869e+00
6.708066607090039213e+00
2.585185156582526123e+00
4.566455942518526712e+00
2.589872844676891717e+00
8.272404938494629434e+00
9.259482902703792817e+00
8.556336716820430510e+00
3.449486742173947018e+00
6.641836572796865568e+00
2.617166861776687004e+00
5.935301625864330965e+00
6.471797457448272617e+00
9.584220577814885900e+00
6.132961669022264140e+00
3.063162696992716594e+00
4.294099344925538908e+00
3.107709166523435762e+00
3.985307201870258886e+00
5.493625427024779739e+00
7.077829068690926206e+00
8.829514032807269430e+00
8.575860293885565255e+00
6.208358643587969183e+00
6.375526807838304499e+00
5.199453228732855870e+00
7.848747270017121025e+00
9.827393088570090640e+00
7.690917093061829135e+00
4.001277144208167158e+00
3.470887669201228043e+00
8.605133452702990127e+00
6.548756631794097061e+00
3.865793112850714142e+00
7.911829949548278229e+00
8.724436701199207889e+00
4.922703729826118035e+00
4.443579807719574504e+00
7.495617453615685655e+00
4.284837288084068163e+00
7.234728898147190002e+00
5.993146111397769538e+00
3.430557141516453967e+00
5.638465420064180833e+00
7.410173477381750473e+00
3.863645669014289297e+00
7.141071100355646628e+00
7.847958808630626670e+00
9.890293472886497739e+00
9.097754841997369724e+00
4.077750356392892961e+00
6.300611458329452574e+00
6.444561557149592446e+00
5.179622565909807186e+00
3.514584480976999270e+00
3.382520318948353921e+00
7.569944810884588371e+00
3.463442184592252282e+00
6.504799011836631450e+00
7.332214438483890540e+00
8.612951301702715057e+00
6.690512030493408702e+00
3.927231794718725855e+00
6.469059479773183519e+00
4.009618720118571567e+00
4.511010316266331088e+00
4.717209115777691864e+00
8.081684589129855212e+00
9.812127084300874102e+00
7.547256187311023545e+00
5.844854858674004561e+00
9.120358580856269270e+00
5.479085713567068971e+00
6.586211129850954471e+00
8.380219099537802308e+00
5.749601100892013150e+00
5.578895747480125067e+00
4.633772575408309891e+00
8.945767253276052600e+00
6.131869545784244480e+00
3.561741152701459523e+00
5.439941416824085607e+00
2.903940603833246037e+00
8.025719581105594358e+00
3.663074489611038764e+00
8.700962695021271287e+00
3.749762951383171838e+00
4.243275838827038626e+00
5.489452000550474331e+00
8.240302964517512763e+00
8.391105243792043922e+00
9.572124267792597507e+00
1.039391527672962745e+01
3.631171676752237509e+00
6.332168565508720093e+00
6.130650987650646755e+00
2.905406428508159777e+00
4.347061503863033138e+00
5.612510235064074315e+00
2.814255099633196533e+00
5.352162016975219316e+00
5.393265986243340748e+00
7.899256429451038564e+00
6.212300550267713106e+00
2.724818722930945292e+00
7.473720425540085976e+00
4.007335272843564056e+00
3.912241728714006772e+00
2.778269060085986730e+00
9.340230894520557214e+00
6.889060391453233123e+00
5.925785018771658308e+00
3.672556638220373149e+00
8.635242054333575723e+00
8.625132899688718879e+00
8.354856851706824017e+00
3.079434256723482477e+00
4.840970371285861162e+00
8.279734545025238646e+00
3.627542239720864536e+00
3.984367583398356061e+00
3.817910178110878405e+00
7.403794200310126250e+00
8.799566860612692665e+00
8.968798159822547689e+00
9.534137141717325292e+00
6.934350183534608192e+00
9.945965794121576664e+00
7.167087629169628826e+00
5.097454121551106887e+00
6.683906481191888460e+00
3.887163430906820594e+00
3.026550919445653687e+00
4.197768138901890822e+00
5.152242554387151507e+00
6.801082635758342043e+00
5.266320619661867930e+00
4.498182227867999039e+00
2.654157409796663369e+00
4.651289307973407006e+00
5.444119102286494538e+00
8.873839147702911490e+00
4.003916393497486403e+00
4.622172744976849934e+00
8.135189713045765103e+00
2.633987025891268985e+00
7.923174879868706277e+00
3.819669298956636538e+00
2.655537671510732167e+00
8.141268167035613956e+00
7.535773240421113073e+00
6.341955195070725360e+00
6.347444965321306753e+00
8.162832314279880208e+00
2.913854265025722867e+00
5.146273804806090979e+00
6.307476701671245856e+00
3.391849996542510848e+00
6.758918959721129660e+00
8.441231880673861099e+00
4.971868910481355819e+00
5.398608668724142134e+00
5.305301189048718946e+00
9.133929613245097556e+00
5.453430686566900221e+00
8.002961977203652211e+00
9.566109912678900429e+00
3.174099104165793328e+00
5.562378204459951014e+00
3.818006338895258978e+00
8.983181140897665173e+00
2.931837653850841274e+00
8.015461042597088692e+00
4.486214097326398864e+00
1.005688719254678176e+01
7.106384802135536027e+00
3.340162435666359286e+00
6.120808707860338593e+00
8.168310302730024119e+00
5.505622839104805877e+00
9.958143144252277423e+00
3.015581138386820292e+00
3.975043840969211484e+00
6.303620352213615163e+00
7.241209343373230745e+00
8.457112646800265310e+00
9.521433256402202616e+00
4.893234617701139655e+00
9.111325772742986828e+00
2.870951933222356534e+00
6.924362745375082895e+00
8.412343030912305508e+00
5.458726852203255930e+00
9.707658182194244034e+00
8.476304655560337409e+00
7.646100870470521116e+00
5.513717426841503233e+00
6.346692298964672574e+00
8.995487906117055843e+00
9.087721624951823784e+00
7.557234362212840395e+00
7.273146633458986265e+00
4.092977531250726386e+00
4.587587525906038799e+00
6.976945996841430464e+00
7.592331214641196091e+00
4.092829359396196409e+00
4.634939580310135199e+00
2.760882469016979091e+00
9.644962981765303311e+00
4.595735297654618634e+00
8.910502343196165853e+00
7.452894801154599236e+00
2.841185359796243315e+00
8.836395557562381597e+00
8.739961990998606822e+00
6.195677827524926684e+00
6.883159072326548333e+00
5.295447865076728711e+00
4.201850232999379209e+00
8.278010245483889307e+00
3.744183526338832557e+00
9.130962565006257137e+00
7.219422073657087324e+00
9.718372838208646058e+00
4.882617147887689413e+00
3.389828549441876504e+00
6.273013890036512663e+00
7.130033885964043527e+00
2.949722174849942480e+00
3.304476406465781668e+00
5.621853347352157471e+00
4.484275079745672521e+00
7.049286990514168849e+00
1.017518544495831279e+01
5.494339410190214323e+00
3.463646941689360936e+00
3.677595143849539561e+00
3.511975960080485848e+00
8.221693095081876734e+00
9.293284698539478583e+00
3.009136428734043633e+00
9.301122997602584874e+00
1.013568026241532039e+01
5.478345558602482512e+00
3.937417959276230839e+00
8.457481999515692905e+00
7.393707701351882378e+00
3.237531562415875364e+00
5.467960971166156092e+00
4.062929930867840156e+00
6.874678471191898232e+00
8.792057076907200397e+00
3.060654974052671395e+00
5.200394665820434525e+00
7.320181758645979642e+00
6.193338613307843410e+00
6.832024123836248464e+00
4.974092578409674559e+00
3.315938339986595373e+00
4.488618817044903508e+00
5.077153367509985138e+00
7.211695120086829114e+00
3.886994770240473684e+00
5.279802741139982381e+00
5.419581270044448118e+00
9.341306244347721943e+00
3.905162942838200646e+00
9.896574175737105961e+00
3.190571670125411874e+00
6.475777453901029546e+00
2.739839699703524367e+00
6.497001416406747332e+00
7.411729837681405364e+00
7.142870608651906927e+00
8.828293652599903396e+00
9.547575578328638457e+00
4.866025379404998574e+00
4.158835938407937860e+00
5.850721132911706590e+00
5.122584190990264297e+00
9.493502076758796093e+00
8.428092973831009971e+00
1.024132052482869604e+01
9.066674366176046718e+00
2.919339708436195391e+00
5.373991548220431902e+00
5.872289370633848371e+00
6.822895018796947042e+00
5.097769464034122677e+00
5.071018066304962879e+00
5.108123913753414236e+00
4.544567424460898231e+00
6.577870207347713993e+00
8.231635474774648742e+00
6.351115947523105376e+00
8.971541015754842974e+00
5.692089565942664464e+00
5.934599023954183039e+00
9.517611558503645597e+00
4.936060871759432089e+00
3.276749955614630228e+00
2.597005379602093988e+00
3.217325417000404197e+00
9.308422250046749724e+00
4.720516713774769002e+00
6.422743390688002485e+00
8.331443787076523222e+00
1.010660794725915501e+01
3.111170440609756671e+00
4.838505860187496843e+00
7.549527795675423647e+00
9.381736357297805640e+00
5.437251432789937944e+00
1.006561453388235527e+01
9.914063248878809631e+00
8.845067385979360708e+00
9.385435295524930055e+00
7.553631096115585919e+00
3.228016216915654546e+00
9.140355122512268338e+00
6.479111395633502468e+00
4.959995935006618950e+00
3.465724082551105312e+00
9.127917576208657735e+00
4.362862443530712397e+00
5.328324939804698346e+00
9.256385481397224169e+00
9.254241599522787354e+00
6.861212607651613560e+00
7.399149491021179692e+00
6.520456655640607835e+00
4.316698110986225245e+00
9.025643878846404178e+00
5.618857980513952022e+00
5.149756271324026358e+00
4.144602892035152308e+00
5.133048562505397427e+00
4.606042556333587612e+00
4.680646024358093626e+00
5.256211808104098715e+00
4.514560638627633793e+00
4.208483061018091220e+00
9.674203341935378120e+00
9.836962027234678274e+00
1.035479684679531687e+01
9.965192703483811698e+00
9.266445786140508289e+00
1.000148925976380632e+01
7.350995443142227082e+00
2.939422381646791482e+00
6.928474520094818345e+00
9.993839224926105658e+00
3.972467624285517918e+00
8.649846544342349119e+00
3.985828053927624737e+00
6.952533789253594776e+00
6.528239048887340523e+00
7.392134009094102787e+00
6.224089367618539370e+00
9.280775797951998030e+00
3.831339935010176223e+00
9.571299328567182130e+00
3.632661090048331154e+00
5.722702780257619359e+00
5.998968611506501070e+00
7.343153417614235678e+00
3.027541233101982865e+00
9.176300076248011806e+00
3.124927039079458346e+00
8.957635769588049968e+00
5.852122038206291954e+00
4.843755957278517599e+00
4.005859921607929586e+00
4.154013589609719226e+00
4.391863435955660755e+00
9.050300328605796807e+00
8.164356192787904476e+00
9.413302407640799174e+00
8.048639928927476817e+00
5.069261313184517448e+00
9.664853880103949635e+00
9.812157655547045110e+00
3.720153229587725541e+00
6.274101127828330959e+00
8.344406761322519017e+00
4.882787982002639637e+00
6.193425469327222821e+00
4.013737816899809019e+00
5.347848751406464096e+00
5.398831625488472064e+00
7.012290622234844228e+00
7.447459323787654739e+00
4.073018021797564003e+00
8.431159789785272807e+00
7.532105702844009265e+00
4.832429743471312378e+00
5.190928916994993259e+00
5.988500044789422105e+00
9.102996509707844908e+00
5.219000525129012580e+00
9.720884636106420729e+00
6.352875889422961997e+00
8.688690389089050115e+00
3.634059425596058990e+00
9.988483183965580992e+00
7.345684218563884649e+00
2.722047355213560671e+00
4.364002344846762860e+00
8.661911401473163963e+00
6.763101361283182733e+00
6.729217117096774281e+00
5.168352151027771235e+00
6.914567413952241282e+00
5.677288676666774059e+00
8.044500050675702951e+00
7.370958899299161260e+00
9.374120267185491073e+00
3.269252034846507726e+00
9.091311657042460581e+00
9.814147106481764027e+00
5.057579998066125349e+00
8.116237821631269611e+00
2.957745719938667861e+00
6.545021315643328563e+00
4.774863771812370317e+00
7.259175474990906096e+00
9.296819853079201224e+00
9.598328157593856602e+00
9.210637081105234714e+00
4.124231074776249173e+00
8.000325618757008428e+00
3.647505046687605557e+00
9.914590168988395291e+00
7.303697284640119136e+00
4.047131870126841058e+00
8.005626378938075050e+00
3.435596115919123505e+00
3.554822835876325637e+00
6.825163241207050646e+00
7.007434449329568160e+00
7.313192651581742254e+00
3.069029231686892345e+00
9.382241655369874422e+00
5.088683081715748457e+00
7.172239351829285958e+00
5.961432101486792590e+00
3.637831443266241749e+00
8.407010219189414713e+00
4.583531568701181058e+00
8.748133722700925929e+00
4.927563209436663705e+00
3.025576674073958472e+00
6.433936316548376944e+00
5.823772712098054249e+00
5.798936599873341535e+00
5.967509200050211682e+00
9.406913954030507341e+00
7.021184882442202735e+00
5.647812121248445116e+00
5.047969129205121419e+00
7.908204000492908392e+00
8.641925619724336372e+00
7.124650787257600371e+00
4.683383203024978236e+00
2.609698551819560564e+00
5.397101843131918208e+00
8.302406264030645744e+00
6.577719269484155973e+00
7.575516395410127224e+00
7.145004369219400964e+00
6.378160666048642291e+00
8.053668335697455660e+00
7.349224711872352600e+00
9.503429786303819071e+00
6.828565571542609902e+00
3.941484504675186962e+00
6.437468274659284617e+00
4.812362305189449074e+00
6.622489672972033503e+00
9.643162835258648258e+00
6.577056443319644785e+00
9.371068475887799565e+00
4.103941136128886669e+00
9.574998040684889133e+00
4.365366496247053973e+00
7.924613574087601364e+00
1.008396945396759747e+01
5.446554786708480478e+00
4.573260677141466779e+00
4.720140048374249275e+00
2.468439587534449586e+01
1.642391174607906379e+01
1.590850371303083755e+01
1.452712642398876319e+01
1.439557783962465720e+01
2.403187888952060902e+01
2.069021034189621133e+01
2.250309956755190299e+01
2.499300651661319606e+01
1.681434042619012459e+01
1.399681955538377665e+01
1.907639069642937102e+01
1.448566148068417192e+01
2.246873305734558812e+01
1.711047536149716208e+01
1.770419264279649951e+01
2.568322333278758052e+01
2.444010613029101009e+01
1.701804811326992706e+01
2.031051704414657166e+01
1.535979797991218376e+01
1.550493629927396810e+01
2.567741588849800038e+01
1.908968604035181826e+01
2.124641587781185947e+01
2.153190086798834102e+01
1.327120146560648450e+01
1.568239232543049866e+01
1.667172535400004207e+01
2.249751434114297766e+01
1.515488317167550036e+01
1.709938922943355166e+01
2.351655812711180005e+01
2.139762504186428416e+01
1.452635979085096096e+01
1.396403010338676154e+01
2.540282834248309740e+01
1.681388664138265554e+01
2.345098995552750054e+01
1.785187423881507840e+01
2.318860920480788934e+01
1.618683448589509766e+01
1.773453353051331405e+01
2.052223895312898350e+01
1.325231411874735876e+01
2.590753236530685655e+01
2.099650562616756133e+01
1.479581868439360903e+01
2.301326094283879087e+01
1.826134316594645313e+01
1.728816580164476235e+01
1.543799237038758321e+01
2.378935803289218498e+01
1.474825710045047344e+01
1.932075153262644207e+01
2.357706780926400114e+01
2.370124452280805727e+01
2.238401475641513727e+01
1.913395963410883027e+01
2.529510319011006203e+01
1.317563418432956901e+01
2.257736449084945818e+01
2.102083732668184624e+01
2.317168995797912601e+01
1.909541985855165791e+01
1.795620330222428507e+01
1.512692638020440050e+01
2.229321976078247403e+01
2.126003519914932127e+01
1.357607439852211328e+01
2.035415557378390972e+01
1.358412977551334855e+01
1.892460068072006152e+01
1.356416896088897239e+01
2.583769287790549285e+01
2.387809130707317706e+01
2.278536300435267492e+01
1.656768905933897429e+01
1.514390979517169455e+01
1.909103950458963794e+01
2.133948828274028031e+01
2.062763800848346918e+01
1.796513896418398559e+01
1.865654506737148921e+01
2.104401235964461137e+01
2.190964677718033116e+01
1.640703027813522752e+01
2.472279745950726948e+01
1.459225113795565143e+01
1.600610508181105018e+01
2.592252405945608018e+01
1.481495933307068569e+01
1.979959327698471583e+01
2.503122873027297146e+01
2.523746988225637722e+01
1.815084128559190191e+01
1.469522676054723043e+01
1.698906941300377227e+01
1.738902935063987698e+01
2.112253649734599037e+01
1.506039793739840782e+01
2.561899876441001922e+01
2.044439480033971535e+01
1.501525313066996858e+01
2.274345423436159663e+01
2.587960869073895154e+01
2.405105435698437333e+01
1.865270078826913291e+01
1.752594787555530331e+01
2.444118501529810672e+01
2.437885964029059238e+01
1.646584882558241603e+01
2.495721326798637563e+01
1.790845416699304593e+01
2.024540515755024472e+01
2.240282875877932511e+01
1.401943831037003108e+01
1.637467194837437745e+01
2.241724002279952543e+01
1.319304117738830229e+01
1.484020713471588770e+01
1.336971543367881310e+01
1.737181782554178966e+01
1.951403081569599607e+01
1.619983696622836078e+01
2.473485339699614727e+01
1.755834780305141152e+01
1.415258973348848492e+01
2.112931055123191726e+01
1.501131175528167283e+01
1.997979420661360805e+01
1.463596813186740953e+01
2.045293476850422820e+01
2.315200396137625916e+01
2.147152888218716882e+01
1.373934658022237976e+01
1.640329887288316968e+01
2.515842769739522566e+01
1.860287895266114688e+01
1.920139254951725150e+01
2.098666210984830371e+01
1.544841183526764894e+01
2.496196021507644502e+01
1.407922310055615078e+01
2.317520146552243077e+01
1.638376301820992964e+01
2.072729604309981966e+01
1.332633142658495906e+01
1.977921661300661782e+01
2.226747557429384372e+01
1.961886418733038795e+01
2.399813201032793941e+01
1.924545551155107148e+01
1.352972342500105896e+01
1.409219323524265199e+01
1.545393495573175002e+01
1.681894559723400207e+01
2.233170151943541271e+01
1.899685793189824778e+01
2.296059860918923334e+01
1.741503304523299533e+01
2.134332161157119501e+01
2.439444035544454081e+01
1.799790236288283296e+01
1.705678952737980580e+01
1.366250327771045292e+01
2.337477683836936393e+01
2.080991581573974258e+01
1.619955129027192342e+01
1.975472676852021081e+01
1.383546406988654098e+01
1.423123457390101798e+01
2.530656967414685354e+01
1.605359048020658719e+01
1.710438285515289536e+01
2.219276180259610953e+01
1.434224135498285158e+01
1.802071001584452858e+01
1.362220214304767474e+01
1.782701321208613265e+01
1.872591697945892619e+01
1.881515410392322352e+01
2.563895845573210863e+01
2.351754405309846518e+01
2.619129481131900761e+01
1.992626635659594214e+01
2.142365016491228502e+01
2.446079554911376519e+01
1.689943206649915908e+01
2.226089747442768285e+01
1.615868188525756111e+01
2.313129713734471693e+01
1.538957329209599756e+01
2.492021540545258063e+01
1.523502461166425626e+01
1.498533281659635463e+01
2.020481719814642929e+01
1.567731913236026031e+01
2.558327203408357065e+01
1.966396945026726328e+01
1.798644361212100762e+01
2.554540237087480037e+01
1.764249112712808909e+01
2.046572975922929416e+01
1.891828973048906448e+01
1.400942462141492939e+01
1.577027119556134593e+01
2.430439913797141926e+01
2.567414467328196537e+01
1.968461596462159591e+01
2.263171859250223150e+01
1.358826350412287631e+01
2.407420858059506941e+01
1.794179841565601663e+01
2.378908665265550582e+01
1.539881294541886092e+01
2.003048242466351425e+01
1.444041591425807702e+01
1.583198271168187965e+01
2.180389053191073501e+01
1.461175755760032224e+01
2.214633792960487924e+01
1.994134390889601960e+01
2.259606728745279725e+01
2.512054148460158842e+01
2.298866459582721333e+01
2.337065118210815484e+01
2.505105756081984936e+01
1.925764578907029190e+01
1.731282863525388294e+01
1.669161936139053282e+01
2.530519767358362415e+01
1.407677424770468377e+01
1.850901270917426444e+01
2.597901668858479240e+01
1.525047764951282225e+01
1.549360851810742368e+01
1.862364059453648579e+01
1.553723872652500404e+01
1.357535343980574893e+01
1.522147738077950763e+01
1.791651887945203825e+01
1.800897457067644680e+01
1.447187326412521280e+01
2.353318511185072381e+01
2.068491262408500830e+01
1.684355621854609097e+01
1.916139354983473808e+01
2.596032443596014971e+01
2.402243722412384841e+01
1.982653064562961731e+01
2.499811880504802986e+01
1.653625598820332954e+01
2.297837574242879910e+01
2.184986655576978976e+01
2.388593197153119263e+01
2.338684754008221134e+01
2.081018115022691717e+01
1.750638279507726125e+01
1.515697044513351344e+01
1.932273358716965461e+01
1.908852183273727832e+01
2.413244611065384859e+01
2.518609428567642183e+01
2.008368279278473523e+01
1.524488393351315629e+01
2.229763127946043966e+01
1.715795742782922417e+01
1.603938008901821632e+01
1.770488605804465010e+01
1.476054392170061469e+01
2.606063309583164411e+01
1.944077229617790437e+01
1.891750209351001644e+01
1.496888038304026480e+01
2.175324607780265396e+01
2.038083203985253533e+01
2.122090830523557869e+01
2.490298977897657551e+01
2.403571840531267156e+01
2.569279485912098338e+01
2.586939814879033150e+01
1.950119522540246564e+01
2.537412287212061912e+01
2.219700426743289157e+01
2.373327142516712129e+01
1.586420301141838962e+01
1.317088760087702504e+01
1.841905223556050331e+01
2.427851811215386135e+01
1.505377970522677877e+01
2.599055664803015020e+01
2.591464891280374516e+01
1.446263794155207449e+01
1.304380146260135653e+01
2.090431443360504105e+01
2.014893927404978768e+01
2.133867381588407852e+01
2.074713830472137488e+01
2.505504776398636579e+01
1.208735675065572046e+01
1.158926307131472377e+01
1.141348686489014064e+01
1.226308014522189183e+01
1.044248997244384114e+01
9.402965123759607025e+00
1.249317651814806318e+01
1.006335699303536124e+01
9.160681146156782972e+00
1.323722878672725756e+01
1.105362598269831587e+01
1.023822928196141291e+01
1.275058518250512485e+01
9.626750852560986615e+00
1.215997836671291132e+01
9.045720550892445644e+00
1.278211612134728803e+01
8.932754765721050205e+00
1.222010054730442974e+01
9.353929744326061169e+00
1.218967057098387130e+01
9.044069653960937316e+00
1.266894637229783527e+01
1.302914301877312653e+01
1.134936224391786652e+01
9.217970651106439206e+00
1.202473430160144297e+01
9.794179569590841794e+00
9.600442204795198720e+00
9.606952775535033240e+00
1.024547158241832712e+01
1.117851897085772706e+01
1.229086950030802505e+01
1.095107218689381945e+01
1.025852019485215472e+01
1.235806805303197109e+01
1.277317551899344927e+01
1.067346955655268381e+01
9.461882824783796053e+00
1.194399812334357769e+01
1.200706071191289936e+01
1.126309061866058947e+01
8.888816966766579952e+00
1.183986731295431127e+01
1.123543655421937792e+01
1.179791876621903590e+01
9.660820099951450857e+00
1.153332756155271532e+01
1.009018053872548570e+01
1.198603954213728606e+01
8.781127068075466724e+00
1.049204100028121722e+01
1.291230896589590493e+01
1.200980616461261974e+01
1.258131728080124923e+01
1.032100211173584725e+01
1.136576489459310579e+01
9.981052089417756790e+00
1.102959476813295581e+01
1.096533432529517782e+01
1.304313928206656392e+01
1.183798898226638485e+01
1.085598969163008931e+01
1.195200767872814929e+01
1.056474373427224123e+01
1.270997625087511018e+01
1.184750797907437736e+01
1.306410013766416078e+01
1.051830049646638088e+01
1.241488710834770437e+01
1.064480997392062278e+01
9.613295830486098481e+00
1.050778717093431602e+01
1.162946843256177054e+01
1.067083913154002595e+01
1.222726463718407253e+01
1.275610899424808409e+01
1.020381423681620525e+01
1.196375813383303033e+01
1.029579100716527940e+01
1.070146580248030865e+01
1.274080446990706328e+01
9.776393389969411984e+00
1.006273769986973932e+01
1.097703638996387632e+01
8.912524733593164328e+00
1.073658609637502082e+01
1.243974505636650640e+01
1.282729096873680597e+01
1.145486786233402832e+01
1.144080479827820973e+01
9.739699369344457125e+00
1.127434733123984145e+01
1.121739523882200373e+01
1.202293686377347903e+01
9.794923527476232294e+00
1.055853301716948600e+01
1.048307536734230538e+01
1.175373671630472749e+01
1.103210748098809724e+01
